20180730
20180731
20180801
20180802
20180806
20180807
20180808
20180809
20180813
20180814
20180815
20180816
20180820
20180821
20180822
20180823
20180827
20180828
20180829
20180830
20180831
20180903
20180904
20180905
20180906
20180907
20180910
20180911
20180912
20180913
20180914
20180917
20180918
20180919
20180920
20180921
20180924
20180925
20180926
20180927
20180928
20181001
20181002
20181003
20181004
20181005
20181008
20181009
20181010
20181011
20181012
20181015
20181016
20181017
20181018
20181019
20181022
20181023
20181024
20181025
